            jointPositions: [  0.000000,  0.000000,  0.000000,  -0.780000,  0.000000,  0.780000,  0.780000 ]
            initialJointPositions: [  0.000000,  0.000000,  0.000000,  -0.780000,  0.000000,  0.780000,  0.780000 ]

